WWWWWWWWWWWWWWWW
WWWWWWWWWWWWWWWW
RRRRRRRRRRRRRRRR
RRRRRRRRRRRRRRRR
RRRRRRRRRRRRRRRR
6666666666666666
6666666666666666
6666666666666666
5555566666666555
5555555555555555
5555555555555555
5555555555555555
5555555555555555
5555555555555555
5555555555555555
5555555555555555
                
                
                
                
                
                
                
                
                
                
                
                
                
                
                
                
0000000000000000
0000000000000000
0000000000000000
0000000000000000
0000000000000000
0000000000000000
0000000000000000
0000000000000000
1111100000000111
1111111111111111
1111111111111111
1111111111111111
1111111111111111
1111111111111111
1111111111111111
1111111111111111