4444444444444444
4444444444444444
4444444444444444
4444444444444444
4444444444444444
4444444444444444
4444444444444444
4444444444444444
4444444444444444
4444444444444444
4444444444444444
4444444444444444
4444444444444444
4444444444444444
4444444444444444
4444444444444444
                
                
                
                
                
                
                
                
                
                
                
                
                
                
                
                
1111111111111111
1111111111111111
1111111111111111
1111111111111111
1111111111111111
1111111111111111
1111111111111111
1111111111111111
1111111111111111
1111111111111111
1111111111111111
1111111111111111
1111111111111111
1111111111111111
1111111111111111
1111111111111111