6666666666666666
6666666666666666
6666666666666666
6666666655555555
6666666555555555
6666665555555555
6666665555555555
6666655555555555
6665555555555555
5555555555555555
5555555555555555
5555555555555555
5555555555555555
5555555555555555
5555555555555555
5555555555555555
                
                
                
                
                
                
                
                
                
                
                
                
                
                
                
                
