5555555555555555
5555555555555555
5555555555555555
5555555555555555
5555555555555555
5555555555555555
5555555555555555
5555555555555555
5555555555555555
5555555555555555
5555555555555555
5555555555555566
5555555555555666
5555555555555666
5555555555555666
5555555555555666
                
                
                
                
                
                
                
                
                
                
                
                
                
                
                
                
1111111111111111
1111111111111111
1111111111111111
1111111111111111
1111111111111111
1111111111111111
1111111111111111
1111111111111111
1111111111111111
1111111111111111
1111111111111111
1111111111111100
1111111111111000
1111111111111000
1111111111111000
1111111111111000