5555555555555555
5555555555555555
5555555555555555
5555555555555555
5555555555555555
5555555555555555
5555555555555555
5555555555555555
5555555666655555
6666666666666555
6666666666666555
6666666666666555
6666666666666655
6666666666666665
6666666666666666
6666666666666666
                
                
                
                
                
                
                
                
                
                
                
                
                
                
                
                
1111111111111111
1111111111111111
1111111111111111
1111111111111111
1111111111111111
1111111111111111
1111111111111111
1111111111111111
1111111000011111
0000000000000111
0000000000000111
0000000000000111
0000000000000011
0000000000000001
0000000000000000
0000000000000000