5555555555555555
5555555555555555
5555555555555555
5555555555555555
5555555555555555
5555555555555555
5555555555555555
5555555555555555
5555555555555555
5555555555555555
5555555555555555
5555555555555555
5555555555555555
5555555555555555
5555555555555555
5555555555555555
                
                
                
                
                
                
                
                
                
                
                
                
                
                
                
                
1111111111111111
1111111111111111
1111111111111111
1111111111111111
1111111111111111
1111111111111111
1111111111111111
1111111111111111
1111111111111111
1111111111111111
1111111111111111
1111111111111111
1111111111111111
1111111111111111
1111111111111111
1111111111111111