5555555555555555
5555555555555555
5555555555555555
5555555555555555
5555555555555555
5555555555555555
5555555555555555
5555555555555555
6655555555555555
6665555555555555
6665555555555555
6655555555555555
6655555555555555
6665555555555555
6655555555555555
6655555555555555
                
                
                
                
                
                
                
                
                
                
                
                
                
                
                
                
1111111111111111
1111111111111111
1111111111111111
1111111111111111
1111111111111111
1111111111111111
1111111111111111
1111111111111111
0011111111111111
0001111111111111
0001111111111111
0011111111111111
0011111111111111
0001111111111111
0011111111111111
0011111111111111