6555555555555555
6555555555555555
6555555555555555
6555555555555555
6655555555555555
6655555555555555
6555555555555555
6555555555555555
6555555555555555
6555555555555555
6655555555555555
6655555555555555
6655555555555555
6665555555555555
6665555555555555
6665555555555555
                
                
                
                
                
                
                
                
                
                
                
                
                
                
                
                
0111111111111111
0111111111111111
0111111111111111
0111111111111111
0011111111111111
0011111111111111
0111111111111111
0111111111111111
0111111111111111
0111111111111111
0011111111111111
0011111111111111
0011111111111111
0001111111111111
0001111111111111
0001111111111111