4444444444444444
4444444444444444
4444444444444444
4444444444444444
4444444444444444
4444444444444444
4444444444444444
4444444444444444
444444444444RRRR
R4444444444RRRRR
RRRRRRRRRRRRRRRR
WWWWWWWWWWWWWWWW
WWWWWWWWWWWWWWWW
WWWWWWWWWWWWWWWW
RRRRRRRRRRRRRRRR
RRRRRRRRRRRRRRRR
                
                
                
                
                
                
                
                
                
                
                
                
                
                
                
                
1111111111111111
1111111111111111
1111111111111111
1111111111111111
1111111111111111
1111111111111111
1111111111111111
1111111111111111
1111111111110000
0111111111100000
0000000000000000
0000000000000000
0000000000000000
0000000000000000
0000000000000000
0000000000000000