4444444444444444
4444444444444444
4444444444444444
4444444444444444
4444444444444444
4444444444444444
4444444444444444
4444444444444444
4444444444444444
RRRRRRRRRR444444
RRRRRRRRRRRRRRRR
RRRRRRRRRRRRRRWW
RRRRRRRRRRRRRRWW
RRRRRRRRRRRRRRWW
RRRRRRRRRRRRRRWW
RRRRRRRRRRRRRRWW
                
                
                
                
                
                
                
                
                
                
                
                
                
                
                
                
1111111111111111
1111111111111111
1111111111111111
1111111111111111
1111111111111111
1111111111111111
1111111111111111
1111111111111111
1111111111111111
0000000000111111
0000000000000000
0000000000000000
0000000000000000
0000000000000000
0000000000000000
0000000000000000