5555555555555556
5555555555555555
5555555555555555
5555555555555555
5555555555555555
5555555555555555
5555555555555555
5555555555555555
5555555555555555
5555555555555555
5555555555555555
5555555555556666
5555555566666666
666666666666RRRR
6666RRRRRRRRRRRR
RRRRRRRRRRRRRRRR
                
                
                
                
                
                
                
                
                
                
                
                
                
                
                
                
1111111111111110
1111111111111111
1111111111111111
1111111111111111
1111111111111111
1111111111111111
1111111111111111
1111111111111111
1111111111111111
1111111111111111
1111111111111111
1111111111110000
1111111100000000
0000000000000000
0000000000000000
0000000000000000