WWWWWWWWRRRRRRRR
WWWWWWWWRRRRRRRR
RRRRRRRRRRRRRRRR
RRRRRRRRRRRRRRRR
RRRRRRRRRRRRRRRR
66666666666RRRR6
6666666666666666
6666666666666665
5555555555555555
5555555555555555
5555555555555555
5555555555555555
5555555555555555
5555555555555555
5555555555555555
5555555555555555
                
                
                
                
                
                
                
                
                
                
                
                
                
                
                
                
0000000000000000
0000000000000000
0000000000000000
0000000000000000
0000000000000000
0000000000000000
0000000000000000
0000000000000001
1111111111111111
1111111111111111
1111111111111111
1111111111111111
1111111111111111
1111111111111111
1111111111111111
1111111111111111