5555555555555666
5555555555555666
5555555555555666
5555555555555666
5555555555555666
5555555555555666
5555555555555666
5555555555555666
5555555555555566
5555555555555566
5555555555555566
5555555555555566
5555555555555566
5555555555555566
5555555555555566
5555555555555566
                
                
                
                
                
                
                
                
                
                
                
                
                
                
                
                
1111111111111000
1111111111111000
1111111111111000
1111111111111000
1111111111111000
1111111111111000
1111111111111000
1111111111111000
1111111111111100
1111111111111100
1111111111111100
1111111111111100
1111111111111100
1111111111111100
1111111111111100
1111111111111100