RRRRRRWWWWWWWWWW
RRRR666555555666
RRR6665555556666
RR66655555556666
R666555555555666
6655555555555666
5555555555555556
5555555555555555
5555555555555555
5555555555555555
5555555555555555
5555555555555555
5555555555555555
5555555555555555
5555555555555555
5555555555555555
                
                
                
                
                
                
                
                
                
                
                
                
                
                
                
                
0000000000000000
0000000111111000
0000001111110000
0000011111110000
0000111111111000
0011111111111000
1111111111111110
1111111111111111
1111111111111111
1111111111111111
1111111111111111
1111111111111111
1111111111111111
1111111111111111
1111111111111111
1111111111111111