RR66666655555555
R665555555555555
6555555555555555
6555555555555555
6555555555555555
5555555555555555
5555555555566655
5555555556666666
5555556666666666
5555566666666666
5556666RRRR66666
566666RRRRRRR666
66RRRRRRRRRRRR66
RRRRRRRRRRRRRR66
RRRRRRRRRRRRRR66
RRRRRRRRRRRRRR66
                
                
                
                
                
                
                
                
                
                
                
                
                
                
                
                
0000000011111111
0001111111111111
0111111111111111
0111111111111111
0111111111111111
1111111111111111
1111111111100011
1111111110000000
1111110000000000
1111100000000000
1110000000000000
1000000000000000
0000000000000000
0000000000000000
0000000000000000
0000000000000000