4444444444444444
4444444444444444
4444444444444444
4444444444444444
4444444444444444
4444444444444444
4444444444444444
4444444444444444
RR44444444444444
RRRRRR4444444444
RRRRRRR444444444
RRRRRRRRR4444444
RRRRRRRRR4444444
RRRRRRRRRR444444
RRRRRRRRRRR44444
RRRRRRRRRRRR4444
                
                
                
                
                
                
                
                
                
                
                
                
                
                
                
                
1111111111111111
1111111111111111
1111111111111111
1111111111111111
1111111111111111
1111111111111111
1111111111111111
1111111111111111
0011111111111111
0000001111111111
0000000111111111
0000000001111111
0000000001111111
0000000000111111
0000000000011111
0000000000001111