5555555444444444
5555555544444444
5555555544444444
5555555554444444
5555555555444444
5555555555544444
5555555555554444
5555555555555544
55555666666666RR
555566666666RRRR
555566666666RRRR
555666666RRRRRRR
555556666RRRRRRR
55555566RRRRRRRR
655555666RRRRRRR
6655555566RRRRRR
                
                
                
                
                
                
                
                
                
                
                
                
                
                
                
                
1111111111111111
1111111111111111
1111111111111111
1111111111111111
1111111111111111
1111111111111111
1111111111111111
1111111111111111
1111100000000000
1111000000000000
1111000000000000
1110000000000000
1111100000000000
1111110000000000
0111110000000000
0011111100000000