4444455555544444
4444455555544444
4444455555544444
4444455555544444
4444455555544444
4444455555544444
4444455555544444
4444455555544444
44455555555444RR
RRR6555555556RRR
RRR6665555555RRR
WWWWWWWWWWWWWWWW
WWWWWWWWWWWWWWWW
WWWWWWWWWWWWWWWW
RRR665555555555R
RR55555555555RRR
                
                
                
                
                
                
                
                
                
                
                
                
                
                
                
                
1111111111111111
1111111111111111
1111111111111111
1111111111111111
1111111111111111
1111111111111111
1111111111111111
1111111111111111
1111111111111100
0000111111110000
0000001111111000
0000000000000000
0000000000000000
0000000000000000
0000011111111110
0011111111111000