WWWWWWWWWWWWWWWW
RRRRRRRRRRRRRRRR
66RRRRRRRRRRRRRR
6666666666666666
6666666666666666
6666666666666666
6666666666666666
5566666666666666
5555555566666666
5555555555555555
5555555555555555
5555555555555555
5555555555555555
5555555555555555
5555555555555555
5555555555555555
                
                
                
                
                
                
                
                
                
                
                
                
                
                
                
                
0000000000000000
0000000000000000
0000000000000000
0000000000000000
0000000000000000
0000000000000000
0000000000000000
1100000000000000
1111111100000000
1111111111111111
1111111111111111
1111111111111111
1111111111111111
1111111111111111
1111111111111111
1111111111111111